00000000
00000001
00000010
00000011
00000100
00000101
00000110
00000111
00001000
00001001
00001010
00001011
00001100
00001101
00001110
00001111
00010000aaaaaaaa
00010001aaaaaaaaaaaaaaaa
00010010aaaaaaaa
00010011aaaaaaaaaaaaaaaa
00010100aaaaaaaaaaaaaaaa
00010101aaaaaaaa
00010110aaaaaaaa
00010111aaaaaaaa
00011000aaaaaaaa
00011001aaaaaaaa
00011010
00011011
00011100
00011101
00011110
00011111
00100000
00100001
00100010
00100011
00100100
00100101
00100110
00100111
00101000
00101001
00101010
00101011
00101100
00101101
00101110
00101111
00110000
00110001
00110010
00110011
00110100
00110101
00110110aaaaaaaa
00110111aaaaaaaa
00111000aaaaaaaa
00111001aaaaaaaa
00111010aaaaaaaa
00111011
00111100
00111101
00111110
00111111
01000000
01000001
01000010
01000011
01000100
01000101
01000110
01000111
01001000
01001001
01001010
01001011
01001100
01001101
01001110
01001111
01010000
01010001
01010010
01010011
01010100
01010101
01010110
01010111
01011000
01011001
01011010
01011011
01011100
01011101
01011110
01011111
01100000
01100001
01100010
01100011
01100100
01100101
01100110
01100111
01101000
01101001
01101010
01101011
01101100
01101101
01101110
01101111
01110000
01110001
01110010
01110011
01110100
01110101
01110110
01110111
01111000
01111001
01111010
01111011
01111100
01111101
01111110
01111111
10000000
10000001
10000010
10000011
10000100aaaaaaaabbbbbbbb
10000101
10000110
10000111
10001000
10001001
10001010
10001011
10001100
10001101
10001110
10001111
10010000
10010001
10010010
10010011
10010100
10010101
10010110
10010111
10011000
10011001aaaaaaaaaaaaaaaa
10011010aaaaaaaaaaaaaaaa
10011011aaaaaaaaaaaaaaaa
10011100aaaaaaaaaaaaaaaa
10011101aaaaaaaaaaaaaaaa
10011110aaaaaaaaaaaaaaaa
10011111aaaaaaaaaaaaaaaa
10100000aaaaaaaaaaaaaaaa
10100001aaaaaaaaaaaaaaaa
10100010aaaaaaaaaaaaaaaa
10100011aaaaaaaaaaaaaaaa
10100100aaaaaaaaaaaaaaaa
10100101aaaaaaaaaaaaaaaa
10100110aaaaaaaaaaaaaaaa
10100111aaaaaaaaaaaaaaaa
10101000aaaaaaaaaaaaaaaa
10101001aaaaaaaa
10101010
10101011
10101100
10101101
10101110
10101111
10110000
10110001
10110010aaaaaaaaaaaaaaaa
10110011aaaaaaaaaaaaaaaa
10110100aaaaaaaaaaaaaaaa
10110101aaaaaaaaaaaaaaaa
10110110aaaaaaaaaaaaaaaa
10110111aaaaaaaaaaaaaaaa
10111000aaaaaaaaaaaaaaaa
10111001aaaaaaaaaaaaaaaabbbbbbbbcccccccc
10111010aaaaaaaaaaaaaaaabbbbbbbbbbbbbbbb
10111011aaaaaaaaaaaaaaaa
10111100aaaaaaaa
10111101aaaaaaaaaaaaaaaa
10111110
10111111
11000000aaaaaaaaaaaaaaaa
11000001aaaaaaaaaaaaaaaa
11000010
11000011
11000100aaaaaaaabbbbbbbbbbbbbbbb
1100010010000100aaaaaaaaaaaaaaaabbbbbbbbbbbbbbbb
11000101aaaaaaaaaaaaaaaabbbbbbbb
11000110aaaaaaaaaaaaaaaa
11000111aaaaaaaaaaaaaaaa
11001000aaaaaaaaaaaaaaaaaaaaaaaaaaaaaaaa
11001001aaaaaaaaaaaaaaaaaaaaaaaaaaaaaaaa
